COIN_REQUEST_TIMING|1790510546456|false|true|4|2600|3009700|117242900|83800|4928800|11587900|131843100
COIN_REQUEST_TIMING|1790510546455|false|true|4|29500|1905400|140007300|495000|57151000|1279200|143221400
COIN_REQUEST_TIMING|1790510546455|false|true|4|4300|3333800|155178800|112502800|6168200|1342600|159859500
COIN_REQUEST_TIMING|1790510546457|false|true|4|121428500|185400|57803800|22121800|373000|804400|180222100
COIN_REQUEST_TIMING|1790510546613|false|true|4|5400|1827700|29806200|702500|2267600|879900|32519200
COIN_REQUEST_TIMING|1790510546455|false|true|4|29400|2402900|214194400|110263600|8967000|4310000|220936700
COIN_REQUEST_TIMING|1790510546638|false|true|4|4400|124100|47765000|42200|22842300|922800|48816300
COIN_REQUEST_TIMING|1790510546664|false|true|4|5000|254800|33028200|45700|4120100|912800|34200800
COIN_REQUEST_TIMING|1790510546984|false|true|4|4900|164800|13950400|41200|0|784100|14904200
COIN_REQUEST_TIMING|1790510547047|false|true|4|4100|74600|3730500|33500|0|1076000|4885200
COIN_REQUEST_TIMING|1790510547105|false|true|4|4200|124700|3736700|37700|0|620900|4486500
COIN_REQUEST_TIMING|1790510547155|false|true|4|5000|89200|3905700|40100|0|607800|4607700
COIN_REQUEST_TIMING|1790510547192|false|true|4|4500|67600|2938900|49000|0|609900|3620900
COIN_REQUEST_TIMING|1790510547233|false|true|4|4500|99400|3252000|41800|0|510200|3866100
COIN_REQUEST_TIMING|1790510547266|false|true|4|6500|97500|3251600|35000|0|536600|3892200
COIN_REQUEST_TIMING|1790510547301|false|true|4|4600|106500|2910700|32700|0|476900|3498700
